Time	wtime	gpufbmem	gpumempct	gpusmpct	ngpus	pss	rss	swap	vmem	rchar	read_bytes	wchar	write_bytes	rx_bytes	rx_packets	tx_bytes	tx_packets	stime	utime	nprocs	nthreads
1773106580	0	0	0	0	0	876	4012	0	6368	6592	0	54	0	0	0	0	0	0	0	1	1
1773106582	2	0	0	0	0	876	4012	0	6368	6592	0	54	0	5019	22	5019	22	0	1	1	1
1773106584	4	0	0	0	0	876	4012	0	6368	6592	0	54	0	9410	39	9410	39	0	3	1	1
1773106586	6	0	0	0	0	876	4012	0	6368	6592	0	54	0	14334	65	14334	65	0	5	1	1
1773106588	8	0	0	0	0	876	4012	0	6368	6592	0	54	0	18710	82	18710	82	0	7	1	1
1773106590	10	0	0	0	0	876	4012	0	6368	6592	0	54	0	23641	108	23641	108	0	9	1	1
1773106592	12	0	0	0	0	876	4012	0	6368	6592	0	54	0	28017	125	28017	125	0	11	1	1
1773106594	14	0	0	0	0	876	4012	0	6368	6592	0	54	0	33252	148	33252	148	0	13	1	1
1773106596	14	0	0	0	0	876	4012	0	6368	6592	0	54	0	37518	166	37518	166	0	14	1	1
1773106598	16	0	0	0	0	876	4012	0	6368	6592	0	54	0	42303	186	42303	186	0	16	1	1
1773106600	18	0	0	0	0	876	4012	0	6368	6592	0	54	0	46869	206	46869	206	0	18	1	1
1773106602	20	0	0	0	0	876	4012	0	6368	6592	0	54	0	51652	230	51652	230	0	20	1	1
1773106604	22	0	0	0	0	876	4012	0	6368	6592	0	54	0	56645	249	56645	249	0	22	1	1
1773106606	24	0	0	0	0	876	4012	0	6368	6592	0	54	0	61282	270	61282	270	0	24	1	1
1773106608	26	0	0	0	0	876	4012	0	6368	6592	0	54	0	65900	291	65900	291	0	27	1	1
1773106610	28	0	0	0	0	876	4012	0	6368	6592	0	54	0	70466	311	70466	311	0	29	1	1
1773106612	30	0	0	0	0	876	4012	0	6368	6592	0	54	0	75155	333	75155	333	0	31	1	1
1773106614	32	0	0	0	0	876	4012	0	6368	6592	0	54	0	79602	351	79602	351	0	33	1	1
1773106616	34	0	0	0	0	876	4012	0	6368	6592	0	54	0	84675	380	84675	380	0	35	1	1
1773106618	36	0	0	0	0	876	4012	0	6368	6592	0	54	0	89170	399	89170	399	0	37	1	1
1773106620	38	0	0	0	0	876	4012	0	6368	6592	0	54	0	93930	422	93930	422	0	39	1	1
1773106622	40	0	0	0	0	876	4012	0	6368	6592	0	54	0	98548	443	98548	443	0	41	1	1
1773106624	42	0	0	0	0	876	4012	0	6368	6592	0	54	0	103047	462	103047	462	0	43	1	1
1773106626	44	0	0	0	0	876	4012	0	6368	6592	0	54	0	107788	485	107788	485	0	45	1	1
1773106628	46	0	0	0	0	876	4012	0	6368	6592	0	54	0	112900	506	112900	506	0	47	1	1
1773106630	47	0	0	0	0	876	4012	0	6368	6592	0	54	0	113958	512	113958	512	0	48	1	1
1773106632	49	0	0	0	0	876	4012	0	6368	6592	0	54	0	118595	533	118595	533	0	50	1	1
1773106634	51	0	0	0	0	876	4012	0	6368	6592	0	54	0	123161	553	123161	553	0	52	1	1
1773106636	53	0	0	0	0	876	4012	0	6368	6592	0	54	0	128494	578	128494	578	0	54	1	1
1773106638	55	0	0	0	0	876	4012	0	6368	6592	0	54	0	133108	599	133108	599	0	56	1	1
1773106640	57	0	0	0	0	876	4012	0	6368	6592	0	54	0	137503	616	137503	616	0	58	1	1
1773106642	59	0	0	0	0	876	4012	0	6368	6592	0	54	0	142244	639	142244	639	0	61	1	1
1773106644	61	0	0	0	0	876	4012	0	6368	6592	0	54	0	146810	659	146810	659	0	63	1	1
1773106646	63	0	0	0	0	876	4012	0	6368	6592	0	54	0	151544	682	151544	682	0	65	1	1
1773106648	65	0	0	0	0	876	4012	0	6368	6592	0	54	0	156281	705	156281	705	0	67	1	1
1773106650	67	0	0	0	0	876	4012	0	6368	6592	0	54	0	160851	725	160851	725	0	69	1	1
1773106652	69	0	0	0	0	876	4012	0	6368	6592	0	54	0	165469	746	165469	746	0	71	1	1
1773106654	71	0	0	0	0	876	4012	0	6368	6592	0	54	0	170704	769	170704	769	0	73	1	1
1773106656	73	0	0	0	0	876	4012	0	6368	6592	0	54	0	175222	788	175222	788	0	75	1	1
1773106658	75	0	0	0	0	876	4012	0	6368	6592	0	54	0	179959	811	179959	811	0	77	1	1
1773106660	77	0	0	0	0	876	4012	0	6368	6592	0	54	0	184529	831	184529	831	0	79	1	1
1773106662	79	0	0	0	0	876	4012	0	6368	6592	0	54	0	189024	850	189024	850	0	81	1	1
1773106664	79	0	0	0	0	876	4012	0	6368	6592	0	54	0	190082	856	190082	856	0	82	1	1
1773106666	81	0	0	0	0	876	4012	0	6368	6592	0	54	0	195213	877	195213	877	0	84	1	1
1773106668	83	0	0	0	0	876	4012	0	6368	6592	0	54	0	199779	897	199779	897	0	86	1	1
1773106670	85	0	0	0	0	876	4012	0	6368	6592	0	54	0	204264	916	204264	916	0	88	1	1
1773106672	87	0	0	0	0	876	4012	0	6368	6592	0	54	0	208782	935	208782	935	0	90	1	1
1773106674	89	0	0	0	0	876	4012	0	6368	6592	0	54	0	213400	956	213400	956	0	92	1	1
1773106676	91	0	0	0	0	876	4012	0	6368	6592	0	54	0	218253	981	218253	981	0	94	1	1
1773106678	93	0	0	0	0	876	4012	0	6368	6592	0	54	0	222871	1002	222871	1002	0	97	1	1
1773106680	95	0	0	0	0	876	4012	0	6368	6592	0	54	0	227439	1022	227439	1022	0	99	1	1
1773106682	97	0	0	0	0	876	4012	0	6368	6592	0	54	0	232061	1043	232061	1043	0	101	1	1
1773106684	99	0	0	0	0	876	4012	0	6368	6592	0	54	0	236627	1063	236627	1063	0	103	1	1
1773106686	101	0	0	0	0	876	4012	0	6368	6592	0	54	0	241316	1085	241316	1085	0	105	1	1
1773106688	103	0	0	0	0	876	4012	0	6368	6592	0	54	0	246480	1107	246480	1107	0	107	1	1
1773106690	105	0	0	0	0	876	4012	0	6368	6592	0	54	0	251117	1128	251117	1128	0	109	1	1
1773106692	107	0	0	0	0	876	4012	0	6368	6592	0	54	0	255564	1146	255564	1146	0	111	1	1
1773106694	109	0	0	0	0	876	4012	0	6368	6592	0	54	0	260728	1168	260728	1168	0	113	1	1
1773106697	111	0	0	0	0	876	4012	0	6368	6592	0	54	0	265507	1191	265507	1191	0	115	1	1
1773106699	113	0	0	0	0	876	4012	0	6368	6592	0	54	0	269831	1207	269831	1207	0	117	1	1
