Time	wtime	gpufbmem	gpumempct	gpusmpct	ngpus	pss	rss	swap	vmem	rchar	read_bytes	wchar	write_bytes	rx_bytes	rx_packets	tx_bytes	tx_packets	stime	utime	nprocs	nthreads
1773105847	0	0	0	0	0	835	3948	0	6368	6592	0	54	0	0	0	0	0	0	0	1	1
1773105849	2	0	0	0	0	835	3948	0	6368	6592	0	54	0	811	6	811	6	0	1	1	1
1773105851	4	0	0	0	0	835	3948	0	6368	6592	0	54	0	1245	8	1245	8	0	4	1	1
1773105854	6	0	0	0	0	835	3948	0	6368	6592	0	54	0	2007	15	2007	15	0	5	1	1
1773105856	8	0	0	0	0	835	3948	0	6368	6592	0	54	0	2441	17	2441	17	0	7	1	1
1773105858	10	0	0	0	0	835	3948	0	6368	6592	0	54	0	2994	21	2994	21	0	9	1	1
1773105860	12	0	0	0	0	835	3948	0	6368	6592	0	54	0	3589	26	3589	26	0	11	1	1
1773105862	14	0	0	0	0	835	3948	0	6368	6592	0	54	0	4023	28	4023	28	0	14	1	1
1773105864	16	0	0	0	0	835	3948	0	6368	6592	0	54	0	17876	40	17876	40	0	16	1	1
1773105866	18	0	0	0	0	835	3948	0	6368	6592	0	54	0	18474	45	18474	45	0	18	1	1
1773105868	20	0	0	0	0	835	3948	0	6368	6592	0	54	0	19027	49	19027	49	0	20	1	1
1773105870	22	0	0	0	0	835	3948	0	6368	6592	0	54	0	19580	53	19580	53	0	22	1	1
1773105872	24	0	0	0	0	835	3948	0	6368	6592	0	54	0	20014	55	20014	55	0	24	1	1
1773105874	26	0	0	0	0	835	3948	0	6368	6592	0	54	0	20686	61	20686	61	0	26	1	1
1773105876	28	0	0	0	0	835	3948	0	6368	6592	0	54	0	21120	63	21120	63	0	28	1	1
1773105878	30	0	0	0	0	835	3948	0	6368	6592	0	54	0	21673	67	21673	67	0	30	1	1
1773105880	32	0	0	0	0	835	3948	0	6368	6592	0	54	0	22226	71	22226	71	0	33	1	1
1773105882	34	0	0	0	0	835	3948	0	6368	6592	0	54	0	22660	73	22660	73	0	34	1	1
1773105884	36	0	0	0	0	835	3948	0	6368	6592	0	54	0	23332	79	23332	79	0	37	1	1
1773105886	38	0	0	0	0	835	3948	0	6368	6592	0	54	0	23766	81	23766	81	0	39	1	1
1773105888	38	0	0	0	0	835	3948	0	6368	6592	0	54	0	24290	84	24290	84	0	39	1	1
1773105890	40	0	0	0	0	835	3948	0	6368	6592	0	54	0	24843	88	24843	88	0	41	1	1
1773105892	42	0	0	0	0	835	3948	0	6368	6592	0	54	0	25396	92	25396	92	0	43	1	1
1773105894	44	0	0	0	0	835	3948	0	6368	6592	0	54	0	26033	98	26033	98	0	45	1	1
1773105896	46	0	0	0	0	835	3948	0	6368	6592	0	54	0	26750	105	26750	105	0	47	1	1
1773105898	48	0	0	0	0	835	3948	0	6368	6592	0	54	0	27184	107	27184	107	0	50	1	1
1773105900	50	0	0	0	0	835	3948	0	6368	6592	0	54	0	27737	111	27737	111	0	52	1	1
1773105902	52	0	0	0	0	835	3948	0	6368	6592	0	54	0	28442	115	28442	115	0	54	1	1
1773105904	54	0	0	0	0	835	3948	0	6368	6592	0	54	0	28995	119	28995	119	0	56	1	1
1773105906	56	0	0	0	0	835	3948	0	6368	6592	0	54	0	29548	123	29548	123	0	58	1	1
1773105908	58	0	0	0	0	835	3948	0	6368	6592	0	54	0	29982	125	29982	125	0	60	1	1
1773105910	60	0	0	0	0	835	3948	0	6368	6592	0	54	0	30535	129	30535	129	0	62	1	1
1773105912	62	0	0	0	0	835	3948	0	6368	6592	0	54	0	31088	133	31088	133	0	64	1	1
1773105914	64	0	0	0	0	835	3948	0	6368	6592	0	54	0	31641	137	31641	137	0	66	1	1
1773105916	66	0	0	0	0	835	3948	0	6368	6592	0	54	0	32194	141	32194	141	0	68	1	1
1773105918	68	0	0	0	0	835	3948	0	6368	6592	0	54	0	32628	143	32628	143	0	71	1	1
1773105920	70	0	0	0	0	835	3948	0	6368	6592	0	54	0	33181	147	33181	147	0	73	1	1
1773105922	71	0	0	0	0	835	3948	0	6368	6592	0	54	0	33824	152	33824	152	0	73	1	1
1773105924	73	0	0	0	0	835	3948	0	6368	6592	0	54	0	47167	160	47167	160	0	75	1	1
1773105926	75	0	0	0	0	835	3948	0	6368	6592	0	54	0	47884	167	47884	167	0	77	1	1
1773105928	77	0	0	0	0	835	3948	0	6368	6592	0	54	0	48479	172	48479	172	0	80	1	1
1773105930	79	0	0	0	0	835	3948	0	6368	6592	0	54	0	48913	174	48913	174	0	82	1	1
1773105932	81	0	0	0	0	835	3948	0	6368	6592	0	54	0	49585	180	49585	180	0	84	1	1
1773105934	83	0	0	0	0	835	3948	0	6368	6592	0	54	0	50019	182	50019	182	0	86	1	1
1773105936	85	0	0	0	0	835	3948	0	6368	6592	0	54	0	50572	186	50572	186	0	88	1	1
1773105938	87	0	0	0	0	835	3948	0	6368	6592	0	54	0	51125	190	51125	190	0	90	1	1
1773105940	89	0	0	0	0	835	3948	0	6368	6592	0	54	0	51559	192	51559	192	0	92	1	1
1773105942	91	0	0	0	0	835	3948	0	6368	6592	0	54	0	52231	198	52231	198	0	94	1	1
1773105944	93	0	0	0	0	835	3948	0	6368	6592	0	54	0	52665	200	52665	200	0	96	1	1
1773105946	95	0	0	0	0	835	3948	0	6368	6592	0	54	0	53218	204	53218	204	0	99	1	1
1773105948	97	0	0	0	0	835	3948	0	6368	6592	0	54	0	53771	208	53771	208	0	100	1	1
1773105950	99	0	0	0	0	802	3948	0	6368	6592	0	54	0	54205	210	54205	210	0	103	1	1
1773105952	101	0	0	0	0	835	3948	0	6368	6592	0	54	0	54877	216	54877	216	0	105	1	1
1773105955	102	0	0	0	0	835	3948	0	6368	6592	0	54	0	55565	222	55713	224	0	107	1	1
1773105957	104	0	0	0	0	835	3948	0	6368	6592	0	54	0	56118	226	56340	229	0	108	1	1
1773105959	106	0	0	0	0	835	3948	0	6368	6592	0	54	0	56713	231	56935	234	0	111	1	1
1773105961	108	0	0	0	0	835	3948	0	6368	6592	0	54	0	57501	240	57723	243	0	112	1	1
1773105963	110	0	0	0	0	835	3948	0	6368	6592	0	54	0	58054	244	58276	247	0	114	1	1
1773105965	112	0	0	0	0	835	3948	0	6368	6592	0	54	0	58607	248	58829	251	0	117	1	1
1773105967	114	0	0	0	0	835	3948	0	6368	6592	0	54	0	59160	252	59382	255	0	119	1	1
