Time	wtime	gpufbmem	gpumempct	gpusmpct	ngpus	pss	rss	swap	vmem	rchar	read_bytes	wchar	write_bytes	rx_bytes	rx_packets	tx_bytes	tx_packets	stime	utime	nprocs	nthreads
1773097316	0	0	0	0	0	518	3904	0	80100	6592	0	831571	831488	0	0	0	0	0	0	1	2
1773097318	2	0	0	0	0	518	3904	0	80100	6592	0	18509907	18509824	1905	15	1905	15	0	0	1	2
1773097320	4	0	0	0	0	516	3904	0	80100	6592	0	43790419	43790336	3238	26	3238	26	0	0	1	2
1773097322	6	0	0	0	0	518	3904	0	80100	6592	0	49999955	49999872	4258	32	4258	32	0	0	1	2
1773097324	8	0	0	0	0	518	3904	0	80100	6273472	0	50000979	50003968	6014	42	6014	42	0	0	1	2
1773097326	10	0	0	0	0	518	3904	0	80100	31181248	0	50000979	50003968	7347	53	7347	53	0	0	1	2
1773097328	12	0	0	0	0	518	3904	0	80100	50007488	0	50000979	50003968	8486	61	8486	61	0	0	1	2
1773097330	14	0	0	0	0	518	3904	0	80100	50007488	0	50000979	50003968	9819	72	9819	72	0	0	1	2
1773097332	16	0	0	0	0	535	4032	0	80100	50007488	0	50000979	50003968	10839	78	10839	78	0	0	1	1
