Time	wtime	gpufbmem	gpumempct	gpusmpct	ngpus	pss	rss	swap	vmem	rchar	read_bytes	wchar	write_bytes	rx_bytes	rx_packets	tx_bytes	tx_packets	stime	utime	nprocs	nthreads
1773097373	0	0	0	0	0	505	3904	0	80100	6592	0	888915	888832	746	7	746	7	0	0	1	2
1773097375	2	0	0	0	0	521	3904	0	80100	6592	0	15917139	15917056	1957	16	1957	16	0	0	1	2
1773097377	4	0	0	0	0	521	3904	0	80100	6592	0	41193555	41193472	3100	24	3100	24	0	0	1	2
1773097379	6	0	0	0	0	521	3904	0	80100	6592	0	49999955	49999872	4187	31	4187	31	0	0	1	2
1773097381	8	0	0	0	0	521	3904	0	80100	4012480	0	50000979	50003968	5818	47	5818	47	0	0	1	2
1773097383	10	0	0	0	0	521	3904	0	80100	29542848	0	50000979	50003968	6957	55	6957	55	0	0	1	2
1773097385	12	0	0	0	0	521	3904	0	80100	50007488	0	50000979	50003968	8907	68	8907	68	0	0	1	2
1773097387	14	0	0	0	0	521	3904	0	80100	50007488	0	50000979	50003968	9979	75	9979	75	0	0	1	2
1773097389	16	0	0	0	0	538	4032	0	80100	50007488	0	50000979	50003968	11435	88	11435	88	0	0	1	1
