Time	wtime	gpufbmem	gpumempct	gpusmpct	ngpus	pss	rss	swap	vmem	rchar	read_bytes	wchar	write_bytes	rx_bytes	rx_packets	tx_bytes	tx_packets	stime	utime	nprocs	nthreads
1773094172	0	0	0	0	0	62513	64640	0	201680	6592	0	88	0	0	0	0	0	0	0	1	1
1773094174	2	0	0	0	0	99404	101616	0	201680	6592	0	88	0	0	0	0	0	0	0	1	1
1773094176	4	0	0	0	0	99404	101616	0	201680	6592	0	88	0	0	0	0	0	0	0	1	1
1773094178	6	0	0	0	0	99404	101616	0	201680	6592	0	88	0	0	0	0	0	0	0	1	1
1773094180	8	0	0	0	0	99404	101616	0	201680	6592	0	88	0	0	0	0	0	0	0	1	1
1773094182	10	0	0	0	0	99404	101616	0	201680	6592	0	88	0	0	0	0	0	0	0	1	1
1773094184	12	0	0	0	0	99404	101616	0	201680	6592	0	88	0	0	0	0	0	0	0	1	1
1773094186	14	0	0	0	0	99404	101616	0	201680	6592	0	88	0	0	0	0	0	0	0	1	1
1773094188	16	0	0	0	0	99404	101616	0	201680	6592	0	88	0	0	0	0	0	0	0	1	1
1773094190	18	0	0	0	0	99404	101616	0	201680	6592	0	88	0	0	0	0	0	0	0	1	1
1773094192	20	0	0	0	0	99404	101616	0	201680	6592	0	88	0	0	0	0	0	0	0	1	1
1773094194	22	0	0	0	0	99404	101616	0	201680	6592	0	88	0	0	0	0	0	0	0	1	1
1773094196	24	0	0	0	0	99404	101616	0	201680	6592	0	88	0	0	0	0	0	0	0	1	1
1773094198	26	0	0	0	0	99404	101616	0	201680	6592	0	88	0	0	0	0	0	0	0	1	1
1773094200	28	0	0	0	0	99404	101616	0	201680	6592	0	88	0	0	0	0	0	0	0	1	1
1773094202	30	0	0	0	0	99404	101616	0	201680	6592	0	88	0	0	0	0	0	0	0	1	1
1773094204	32	0	0	0	0	99404	101616	0	201680	6592	0	88	0	0	0	0	0	0	0	1	1
1773094206	34	0	0	0	0	99404	101616	0	201680	6592	0	88	0	0	0	0	0	0	0	1	1
1773094208	36	0	0	0	0	99404	101616	0	201680	6592	0	88	0	0	0	0	0	0	0	1	1
1773094210	38	0	0	0	0	99404	101616	0	201680	6592	0	88	0	0	0	0	0	0	0	1	1
1773094212	40	0	0	0	0	99404	101616	0	201680	6592	0	88	0	0	0	0	0	0	0	1	1
1773094214	42	0	0	0	0	99404	101616	0	201680	6592	0	88	0	0	0	0	0	0	0	1	1
1773094216	44	0	0	0	0	99404	101616	0	201680	6592	0	88	0	0	0	0	0	0	0	1	1
1773094218	46	0	0	0	0	99404	101616	0	201680	6592	0	88	0	0	0	0	0	0	0	1	1
1773094220	48	0	0	0	0	99404	101616	0	201680	6592	0	88	0	0	0	0	0	0	0	1	1
1773094222	50	0	0	0	0	99404	101616	0	201680	6592	0	88	0	0	0	0	0	0	0	1	1
1773094224	52	0	0	0	0	99404	101616	0	201680	6592	0	88	0	0	0	0	0	0	0	1	1
1773094226	54	0	0	0	0	99404	101616	0	201680	6592	0	88	0	0	0	0	0	0	0	1	1
1773094228	56	0	0	0	0	99404	101616	0	201680	6592	0	88	0	0	0	0	0	0	0	1	1
1773094230	58	0	0	0	0	99404	101616	0	201680	6592	0	88	0	0	0	0	0	0	0	1	1
1773094232	60	0	0	0	0	99404	101616	0	201680	6592	0	88	0	0	0	0	0	0	0	1	1
1773094234	62	0	0	0	0	99404	101616	0	201680	6592	0	88	0	0	0	0	0	0	0	1	1
1773094236	64	0	0	0	0	99404	101616	0	201680	6592	0	88	0	0	0	0	0	0	0	1	1
1773094238	66	0	0	0	0	99404	101616	0	201680	6592	0	88	0	0	0	0	0	0	0	1	1
1773094240	68	0	0	0	0	99404	101616	0	201680	6592	0	88	0	0	0	0	0	0	0	1	1
1773094242	70	0	0	0	0	99404	101616	0	201680	6592	0	88	0	0	0	0	0	0	0	1	1
1773094244	72	0	0	0	0	99404	101616	0	201680	6592	0	88	0	0	0	0	0	0	0	1	1
1773094246	74	0	0	0	0	99404	101616	0	201680	6592	0	88	0	0	0	0	0	0	0	1	1
1773094248	76	0	0	0	0	99404	101616	0	201680	6592	0	88	0	0	0	0	0	0	0	1	1
1773094250	78	0	0	0	0	99404	101616	0	201680	6592	0	88	0	0	0	0	0	0	0	1	1
1773094252	80	0	0	0	0	99404	101616	0	201680	6592	0	88	0	0	0	0	0	0	0	1	1
1773094254	82	0	0	0	0	99404	101616	0	201680	6592	0	88	0	0	0	0	0	0	0	1	1
1773094256	84	0	0	0	0	99404	101616	0	201680	6592	0	88	0	0	0	0	0	0	0	1	1
1773094258	86	0	0	0	0	99404	101616	0	201680	6592	0	88	0	0	0	0	0	0	0	1	1
1773094260	88	0	0	0	0	99404	101616	0	201680	6592	0	88	0	0	0	0	0	0	0	1	1
1773094262	90	0	0	0	0	99404	101616	0	201680	6592	0	88	0	0	0	0	0	0	0	1	1
1773094264	92	0	0	0	0	99404	101616	0	201680	6592	0	88	0	0	0	0	0	0	0	1	1
1773094266	94	0	0	0	0	99404	101616	0	201680	6592	0	88	0	0	0	0	0	0	0	1	1
1773094268	96	0	0	0	0	99404	101616	0	201680	6592	0	88	0	0	0	0	0	0	0	1	1
1773094270	98	0	0	0	0	99404	101616	0	201680	6592	0	88	0	0	0	0	0	0	0	1	1
1773094272	100	0	0	0	0	99404	101616	0	201680	6592	0	88	0	0	0	0	0	0	0	1	1
1773094274	102	0	0	0	0	99404	101616	0	201680	6592	0	88	0	0	0	0	0	0	0	1	1
1773094276	104	0	0	0	0	99404	101616	0	201680	6592	0	88	0	0	0	0	0	0	0	1	1
1773094278	106	0	0	0	0	99404	101616	0	201680	6592	0	88	0	0	0	0	0	0	0	1	1
1773094280	108	0	0	0	0	99404	101616	0	201680	6592	0	88	0	0	0	0	0	0	0	1	1
1773094282	110	0	0	0	0	99404	101616	0	201680	6592	0	88	0	0	0	0	0	0	0	1	1
1773094284	112	0	0	0	0	99404	101616	0	201680	6592	0	88	0	0	0	0	0	0	0	1	1
1773094286	114	0	0	0	0	99404	101616	0	201680	6592	0	88	0	0	0	0	0	0	0	1	1
1773094288	116	0	0	0	0	99404	101616	0	201680	6592	0	88	0	0	0	0	0	0	0	1	1
1773094290	118	0	0	0	0	99404	101616	0	201680	6592	0	88	0	0	0	0	0	0	0	1	1
1773094292	120	0	0	0	0	99404	101616	0	201680	6592	0	88	0	0	0	0	0	0	0	1	1
